MOLECULES 0 11 0 0 0 0 0 0 0 0 0 0
SAMPLES 0 10 0 0 0 0 0 0 0 0 0 0
6 6 6 6 6 6
1
0 0 1 A 1 2 0 1 0 2
MOLECULES 0 11 0 0 0 0 0 0 0 0 0 0
SAMPLES 0 10 0 0 0 0 0 0 0 0 0 0
6 6 6 6 6 6
1
0 0 1 A 1 2 0 1 0 2
MOLECULES 0 11 0 0 0 0 0 0 0 0 0 0
SAMPLES 0 10 0 0 0 0 0 0 0 0 0 0
6 6 6 6 6 6
1
0 0 1 A 1 2 0 1 0 2
MOLECULES 0 11 0 0 0 0 0 0 0 0 0 0
SAMPLES 0 10 0 0 0 0 0 0 0 0 0 0
6 6 6 6 6 6
1
0 0 1 A 1 2 0 1 0 2
MOLECULES 0 11 0 0 0 0 0 0 0 0 0 0
SAMPLES 0 10 0 0 0 0 0 0 0 0 0 0
6 6 6 6 6 6
1
0 0 1 A 1 2 0 1 0 2
